V 54
K 1
D 0 -254000 0 0
Y 1
U 1651000 762000 254000 0 2 3 REFDES=S?
U 1651000 508000 254000 0 2 3 DEVICE=L101121MS02Q
U 1651000 254000 254000 0 2 0 PKG_TYPE=L101021MS02Q
U 1651000 0 254000 0 2 0 Description=Slide Switches SWITCH SLIDE SPST 4A 125VAC
U 1651000 -254000 254000 0 2 0 Datasheet Link=https://www.ckswitches.com/media/1423/l.pdf
U 1651000 -508000 254000 0 2 0 Height=12.4
U 1651000 -762000 254000 0 2 0 Mouser Part Number=611-L101121MS02Q
U 1651000 -1016000 254000 0 2 0 Mouser Price/Stock=https://www.mouser.co.uk/ProductDetail/CK/L101121MS02Q?qs=LgMIjt8LuD8aORdKDdfKMg%3D%3D
U 1651000 -1270000 254000 0 2 0 Manufacturer_Name=C & K COMPONENTS
U 1651000 -1524000 254000 0 2 0 Manufacturer_Part_Number=L101121MS02Q
U 0 0 254000 0 1 0 FORWARD_PCB=1
l 5 508000 254000 1524000 254000 1524000 -508000 508000 -508000 508000 254000
|GRPHSTL -1 -1 -1 1
P 1 0 -254000 508000 -254000 0 2 0
L 584200 -254000 228600 0 2 0 1 0 1
A 355600 -203200 203200 0 9 3 #=1
A 0 0 9 0 3 0 PINTYPE=BI
P 2 0 0 508000 0 0 2 0
L 584200 0 228600 0 2 0 1 0 2
A 355600 50800 203200 0 9 3 #=2
A 0 0 9 0 3 0 PINTYPE=BI
E
